7.93236 0.596979 -3.39779 1.36691 5.8104 3.79905 1.65074 0.758456 0.0924319 0.0931942 -0.176655 0.0142227 
7.19897 -0.225646 -4.18855 0.191742 4.18876 3.50735 2.36302 0.898522 0.613083 0.071037 -0.157011 -0.0431828 
8.26226 -0.876448 -3.65531 2.45944 4.80863 2.52162 1.24255 1.21444 0.258151 -0.339147 -0.304648 0.0215541 
7.24841 0.0148422 -2.79473 0.977157 3.68998 2.18117 1.22323 0.909404 0.262825 -0.140412 -0.318122 -0.0763198 
5.32589 3.00694 0.648311 1.162 3.6279 4.33923 2.7923 0.453471 -0.220375 0.0899445 0.189218 0.139575 
5.1452 2.00174 -0.121866 1.46353 3.57428 3.34437 1.94187 0.705111 -0.0537459 0.142479 0.00333628 0.0266257 
6.90507 1.35843 -3.01172 -0.591765 3.49346 3.30982 1.68037 0.639408 0.204805 0.158026 0.00119957 -0.0324721 
6.03827 1.74682 -1.55598 -0.000660385 2.70365 2.96842 1.83983 0.547996 -0.412118 -0.0928472 -0.100098 -0.0362677 
7.98699 -1.54884 -4.15874 1.00351 3.8452 0.610772 2.75428 1.63678 1.19813 -0.239358 -0.298626 0.0434254 
7.66442 -0.772684 -3.64144 1.37506 2.78995 1.0969 1.55721 1.71011 0.858236 -0.242684 -0.202199 0.00917016 
7.44734 -1.3175 -3.35716 1.13769 2.1815 2.04894 2.54312 1.65436 0.801972 -0.221628 -0.294336 -0.0666057 
5.99717 0.333095 -2.68907 -0.313362 2.19674 2.23493 1.80798 1.65106 0.725925 -0.304046 -0.413543 -0.123744 
7.88929 0.943203 -2.94591 -0.356902 4.1521 -0.306582 0.228147 0.13926 0.797361 0.725272 -0.305934 -0.100259 
8.0254 -0.491095 -2.34061 0.38763 4.03804 0.642159 1.13588 0.992037 0.167291 -0.0386476 -0.193894 0.0348564 
8.17553 2.33758 -2.32548 -0.288749 2.56249 1.48478 0.490123 0.489821 0.349312 0.101067 -0.14281 -0.0601029 
5.97111 1.84519 -1.37599 -0.349477 1.5929 1.70006 1.34391 1.00104 0.314839 0.111865 -0.0714788 -0.0407421 
7.03411 4.67366 -0.287059 0.819746 5.59693 0.575083 0.930217 -1.59951 -0.104648 -0.202622 -0.397125 -0.061938 
6.33611 3.96257 0.954994 1.35074 3.56571 1.26044 -0.384254 -1.17631 -0.069665 -0.477406 -0.143323 -0.091265 
6.76047 4.4996 1.36849 0.862625 2.36083 2.5294 1.08151 -0.418216 -0.827858 -0.876541 -0.280324 -0.0279064 
5.92023 3.49436 0.97651 1.21689 2.34036 1.73551 0.405762 -0.185087 -0.197903 -0.559458 -0.138765 -0.0302456 
7.61371 2.96817 -0.268147 1.01516 2.14115 0.389885 -0.700793 -0.740402 -1.20653 -1.12647 -0.563239 -0.0596692 
6.41353 3.83192 0.638064 0.370178 1.23628 0.970913 0.234853 -0.636799 -1.0061 -1.37693 -0.502294 -0.100589 
8.21421 1.1921 -2.51384 0.733041 1.92228 0.186141 0.476287 -0.14383 -0.959837 -1.16399 -0.456803 -0.00783135 
7.7705 1.42599 -1.85109 0.293499 1.39344 0.440319 0.320574 0.0377676 -0.735084 -0.659715 -0.248919 3.4957e-005 
8.55963 -1.69022 -2.82538 2.29039 0.335754 -0.22003 2.09003 2.12223 -0.0412047 -0.846147 -0.164386 0.0188342 
8.84788 -1.33322 -2.9127 0.630905 -0.095603 0.819635 1.40391 0.926885 -0.133046 -0.303029 -0.25031 -0.123799 
7.35269 0.938267 -1.72466 -0.194521 -0.11919 -0.148595 1.3918 1.26998 -0.674126 -0.74206 -0.288966 -0.0350444 
7.06094 0.797476 -2.31203 -0.509842 0.643589 0.597662 0.968608 0.635691 -0.117618 -0.32452 -0.18431 -0.0500509 
6.90167 1.73456 -1.11553 0.338869 2.02892 -0.910977 -0.602392 0.130396 0.85621 0.371478 -0.170928 -0.0931088 
5.90767 2.983 0.119123 -0.0445057 0.841013 0.0915497 -0.257947 0.315933 0.737657 0.242497 -0.0263732 -0.104266 
8.02271 2.86096 -1.71764 -1.17474 1.56779 1.66699 0.968015 -0.269592 -0.731474 -0.533063 -0.201777 -0.00836123 
6.32856 3.36195 0.0134668 -1.19097 -0.261328 1.01219 0.762955 -0.264452 -0.652711 -0.289003 -0.125396 0.0041005 
