0.080000
0.080089
0.080357
0.080803
0.081428
0.082231
0.083211
0.084369
0.085703
0.087214
0.088901
0.090763
0.092800
0.095010
0.097392
0.099947
0.102672
0.105568
0.108631
0.111863
0.115260
0.118823
0.122549
0.126437
0.130486
0.134693
0.139059
0.143579
0.148254
0.153081
0.158057
0.163183
0.168454
0.173870
0.179428
0.185126
0.190962
0.196933
0.203037
0.209272
0.215636
0.222126
0.228739
0.235473
0.242325
0.249292
0.256373
0.263563
0.270861
0.278264
0.285768
0.293371
0.301069
0.308861
0.316742
0.324709
0.332761
0.340892
0.349102
0.357385
0.365739
0.374161
0.382647
0.391194
0.399799
0.408458
0.417169
0.425927
0.434730
0.443573
0.452454
0.461369
0.470314
0.479286
0.488282
0.497298
0.506331
0.515376
0.524432
0.533493
0.542557
0.551620
0.560678
0.569728
0.578767
0.587791
0.596796
0.605779
0.614736
0.623665
0.632561
0.641421
0.650242
0.659020
0.667751
0.676434
0.685063
0.693635
0.702149
0.710599
0.718983
0.727297
0.735539
0.743705
0.751792
0.759796
0.767716
0.775546
0.783286
0.790931
0.798478
0.805925
0.813269
0.820507
0.827636
0.834653
0.841556
0.848341
0.855007
0.861551
0.867970
0.874261
0.880423
0.886453
0.892348
0.898106
0.903725
0.909203
0.914538
0.919727
0.924769
0.929661
0.934402
0.938990
0.943423
0.947700
0.951818
0.955776
0.959573
0.963207
0.966677
0.969981
0.973118
0.976087
0.978886
0.981515
0.983973
0.986259
0.988371
0.990309
0.992072
0.993660
0.995071
0.996306
0.997364
0.998244
0.998946
0.999470
0.999816
0.999983
0.999972
0.999782
0.999413
0.998866
0.998141
0.997238
0.996158
0.994900
0.993466
0.991855
0.990070
0.988109
0.985975
0.983667
0.981188
0.978536
0.975715
0.972725
0.969566
0.966241
0.962750
0.959095
0.955277
0.951298
0.947160
0.942863
0.938410
0.933802
0.929042
0.924130
0.919069
0.913861
0.908508
0.903012
0.897374
0.891599
0.885686
0.879639
0.873461
0.867153
0.860718
0.854158
0.847477
0.840676
0.833758
0.826727
0.819584
0.812332
0.804975
0.797515
0.789955
0.782298
0.774546
0.766704
0.758774
0.750758
0.742661
0.734486
0.726234
0.717911
0.709518
0.701059
0.692538
0.683958
0.675322
0.666633
0.657896
0.649112
0.640286
0.631421
0.622521
0.613588
0.604627
0.595641
0.586633
0.577608
0.568567
0.559516
0.550457
0.541394
0.532330
0.523269
0.514215
0.505171
0.496140
0.487126
0.478133
0.469164
0.460223
0.451312
0.442436
0.433597
0.424800
0.416048
0.407344
0.398691
0.390094
0.381554
0.373076
0.364663
0.356318
0.348044
0.339844
0.331723
0.323682
0.315725
0.307856
0.300076
0.292390
0.284799
0.277308
0.269919
0.262634
0.255458
0.248392
0.241439
0.234602
0.227883
0.221286
0.214812
0.208465
0.202246
0.196159
0.190205
0.184387
0.178707
0.173167
0.167770
0.162517
0.157410
0.152453
0.147645
0.142990
0.138490
0.134145
0.129957
0.125929
0.122062
0.118357
0.114815
0.111439
0.108229
0.105186
0.102313
0.099609
0.097077
0.094716
0.092528
0.090514
0.088675
0.087011
0.085522
0.084210
0.083075
0.082118
0.081338
0.080736
0.080313
0.080068
0.080001
